317
1058
1072
1088
1083
1100
1086
32
1077
32
1080
1079
1083
1103
1079
1098
1083
32
1085
1072
32
1088
1072
1079
1093
1086
1076
1082
1072
44
32
1082
1086
1075
1072
1090
1086
32
1080
1079
1074
1077
1076
1085
1098
1078
13
10
1075
1086
32
1085
1072
1087
1072
1076
1072
1090
32
1086
1090
1088
1086
1074
1085
1080
32
1075
1098
1073
1086
1094
1080
46
32
1047
1072
32
1076
1072
32
1075
1086
32
1089
1087
1072
1089
1080
1096
44
32
1090
1088
1103
1073
1074
1072
32
13
10
1076
1072
32
1075
1080
32
1087
1088
1077
1089
1082
1072
1095
1072
1096
32
1080
1083
1080
32
1076
1072
32
1075
1080
32
1090
1088
1077
1087
1077
1096
32
1089
32
1088
1080
1085
1075
1086
1074
1077
1090
1077
46
32
13
10
1042
1085
1080
1084
1072
1074
1072
1081
44
32
1086
1090
32
1074
1088
1077
1084
1077
32
1085
1072
32
1074
1088
1077
1084
1077
32
1085
1072
32
1087
1098
1090
1103
32
1089
1077
32
1087
1086
1103
1074
1103
1074
1072
1090
13
10
1093
1088
1072
1089
1090
1080
32
1080
32
1076
1098
1088
1074
1077
1090
1072
44
32
1082
1086
1080
1090
1086
32
1089
1098
1097
1086
32
1084
1086
1078
1077
1096
32
1076
1072
32
1087
1088
1077
1089
1082
1086
1095
1080
1096
13
10
1080
1083
1080
32
1091
1085
1080
1097
1086
1078
1080
1096
1089
32
1088
1080
1085
1075
1086
1074
1077
1090
1077
46
13
10
13
10
1059
1087
1088
1072
1074
1083
1103
1074
1072
32
1089
1098
1089
32
1089
1090
1088
1077
1083
1082
1080
1090
1077
32
1080
32
1089
1090
1088
1077
1083
1103
1081
32
1089
32
83
72
73
70
84
13
10
0
